Reykjanes_Peninsula	63.890	-22.270	300	21.4	28.8	0	32.1	17.3	0	0	1.2	21.3	44	54.8	0	23.6	7.5	47	32.9	909.3	116.2	158.4	387.5	56.7
Spurr	61.296	-152.251	3374	24.1	44	10.9	0	85.4	5.1	6.5	0	2.6	2.1	0	1.6	0	0.8	3.5	2.2	3.3	0	0.7	3.1	7
Redoubt	60.485	-152.749	3108	11	0	0	0	924	34	7.8	17.5	0	0	0	7.6	0	3.9	13.5	1.5	10.3	7.5	6.6	5.9	2.2
Augustine	59.345	-153.453	1252	0	171.4	14.4	0	1.5	2.7	0	20.5	1.3	8.3	24.5	8	0	6.3	2.4	7.3	5	3.1	3.9	6.9	3.5
Chiginagak	57.135	-156.990	2000	61.9	129.6	77.3	46.7	63.3	16.2	4.4	13.3	4.9	42.1	27.2	16.4	16.4	6.9	20.3	35.9	26.9	11.3	8.1	11.6	17.9
Shiveluch	56.644	161.343	3283	74.2	43.3	194.3	88	104.2	287.4	155.8	134.1	180.2	202	121.6	303.6	260.1	174.4	181	143.2	98.4	240.4	326.5	231.6	348.5
Veniaminof	56.170	-159.380	2507	21.8	121.3	115.1	162.7	2.4	62.3	122.6	0	228.7	39	3.3	19.1	0	144.6	12	3.6	21.8	13	1.8	4.7	1.7
Kliuchevskoi	56.057	160.638	4835	112.5	82.6	428.5	44.9	63.7	605.7	239.8	185.4	402.3	73.1	189.6	548	425.3	80.7	221	231.3	41.2	174.7	254.1	266.9	315.7
Pavlof	55.414	-161.890	2490	20.2	9.2	52.4	0	75.8	41.4	0	36.1	79.3	11.8	5	211.5	147.7	69.2	45.5	39.8	28.1	32.6	0	0.6	0.1
Kizimenk	55.119	160.360	2376	0	0	23.5	8	0	81.7	1641.5	413.5	377.6	116.3	46	122.9	111.4	17.3	26.3	47.9	0.7	43.5	44	75.1	20.2
Shishaldin	54.756	-163.970	2857	5	177.6	88.9	109.5	201.6	17.4	3.7	3.4	178	287.2	229.9	46.4	85.1	11.3	29.6	40.1	7.8	9.8	124.8	68.3	165.1
Karymsky	54.050	159.450	1536	209.5	258.3	187.9	422.6	117.4	144.8	340	275.3	311	406.9	235.3	59.4	170.2	91.7	119.1	121.1	266.6	48.4	56.3	110.7	34.5
Makushin	53.884	-166.932	2036	0	35.4	5.4	88.6	0	11.1	13.8	5.5	32.5	10.5	0	29.4	67	44.2	38.7	42	35.1	49	24.6	30.8	27.4
Avachinsky	53.254	158.831	2741	119	122	70.3	138.2	538.3	183.1	207.8	69.3	104.8	564.9	144.4	0	133.8	59.2	43.1	71.2	42.8	55.5	42.7	59.5	45.1
Tana	52.830	-169.770	1170	139.9	55.2	58.7	82.3	0	29.9	105.2	0	128.4	7.6	91.3	116.2	42.1	42.6	56.8	1.1	53.5	66.4	16.5	9.7	31.1
Mutnovsky	52.453	158.195	2322	338.1	173	37.2	196.7	353.3	871.5	370.8	180.3	185.6	119.6	83.9	1.8	31.6	185.4	71.8	112.6	272	240.6	95.9	164.3	243.3
Korovin	52.381	-174.154	1533	8.1	108.4	153.5	0	157	0	40.6	0	31.1	121	34.2	109.8	0	11.1	40.1	17.8	14.3	42.2	46.9	32.5	16.1
Gareloi	51.790	-178.794	1573	3.1	32.3	60.6	17.8	8.2	18.5	41.3	18.2	39	18.2	19.4	34.4	46.9	28.4	12.3	18.5	10.3	55.8	15.8	72.3	41.1
Ebeko	50.689	156.017	1030	131.3	81.7	135.6	115.1	130.2	108.9	110.2	64.2	80.8	15.6	113	202.8	154	202.2	135.1	96.7	89.2	140.5	74.4	17.6	8
Chikurachki	50.325	155.458	1816	202	26.3	670.3	313.3	153.6	183.3	140.8	102.3	152.6	71.7	269	337.7	146.8	214.1	219.9	191.3	215.6	225.6	158.9	43.9	6
Sarychev	48.080	153.210	1200	51.2	6.7	57.2	83.4	309.6	214.6	42.6	53.5	45.8	32.8	7.8	0	36.2	65.8	20.3	47.3	11.1	24.2	20.9	13.2	18.9
Ketoy_Island	47.340	152.480	870	45.5	0	28.1	51.3	168.9	32.4	0	78.2	43.3	55	40.2	31.2	46.3	16.1	25.8	24.9	22	41.5	23.9	41.6	28.1
Medvezhia	45.387	148.843	1125	69.2	27	84.3	65.8	75.9	40.2	48.1	51.4	83.9	65.1	56	68.7	153.4	55.1	72.1	65.4	94.3	57.7	55.2	22.7	89.9
Tokachi	43.416	142.690	2077	85.6	39.5	0	57	35.2	28.1	54.4	23.6	31.7	38.5	85.9	80.6	193.2	78.8	121.4	74	153	154.6	99.7	77.7	75.8
Stromboli	38.788	15.215	870	19.4	43.2	80.6	49.3	46	24	75	49.4	59.3	31.2	45.2	1.6	39.3	33.5	64.2	38.8	27.2	22.2	29.7	55	31.3
Etna	37.734	15.004	2711	575.3	1043.2	579	753.8	638.5	438.9	739.2	515.4	498.4	831.2	573.8	790.9	800.6	814.9	1070.9	708.9	623.9	851.5	520	338.4	592.5
Asama	36.403	138.526	2126	422.6	55.4	7	225.5	304.2	57.9	68.9	42.4	41.8	22	254.7	71.7	273.6	29.7	21.5	147.3	50.2	25.7	165.4	121.4	55.2
Miyake-jima	34.079	139.529	560	1189.1	643.5	538.4	519.9	370.7	271.6	317.8	185.5	72	73.1	37.4	0	0	0	0	0	0	0	0	0	0
Aso	32.881	131.106	1181	175.1	75.1	67.6	123.3	151.3	113.7	101	152.9	145.6	368.7	318.7	418.9	201.6	161.9	491.3	180.2	141.5	162.3	47.5	149.1	77.7
Sakura-jima	31.585	130.657	639	86.3	104.4	113.6	129.9	295.8	327.6	539.6	528.1	452.3	408.8	161.2	1	146.4	406.8	380.9	331.2	227.1	299.8	480.9	374.8	458.1
Kikai	30.789	130.308	614	166.5	201	228.9	215.5	134	142.5	207.9	257.1	226.7	272.5	252	143.5	203.9	323.5	223.5	206.4	153.7	179.7	195.7	215.5	233.4
Suwanose-jima	29.635	129.716	560	235.2	320.2	161.3	362.2	250	306.2	242.3	196.4	499.5	270.1	297.5	388.9	336.9	203.6	256.6	374.9	237	290.2	145.3	340.9	401.3
La Palma	28.615	-17.860	1200	10.4	0	0	3.2	0	0	1.1	1.2	6.5	2.3	1.7	2.7	2.1	1.4	2.8	1.7	82.1	7.8	4.4	1.1	4.2
Nishinoshima	27.250	140.874	38	4	0	0	1.1	0	0	25.4	7	9.8	334.6	228.4	7.6	89.9	10.2	35.9	598.6	126	606.1	965.2	44	0.9
Kilauea	19.420	-155.290	1222	779	629.9	589.2	2482.8	1798.6	2259.6	1101.7	1471.1	1472.2	1147.4	1312.3	1549.2	1550.4	629.3	15.4	98.7	301.1	407.9	229.7	59.3	438.1
Popocatepetl	19.023	-98.622	5100	266	278.7	380.8	332.9	262.6	381	520	1039.6	871.6	668.3	866.3	689.6	536.4	423.2	335.4	274.2	314.9	352.3	658.1	580.7	512
Pagan	18.138	145.787	570	49.1	77.5	55.1	96.1	85.2	219.6	286.4	587.5	414	300.9	32.3	17.3	3.9	5.7	8.2	6.8	62.5	50	69.3	47.9	23.5
Soufriere_Hills	16.720	-62.180	870	561.9	987.2	524	581.2	736.8	494.9	309.9	214.2	147.1	108	121.8	75.6	60.1	65.6	64.9	70.4	50.2	59.8	60.4	54.4	45.9
Anatahan	16.350	145.670	320	1337.5	1589	1225.4	989.9	16.9	0	0	5.9	0	2.1	0	0	11.3	4	9.3	4.5	5.4	2.1	13.3	1.4	8.2
Jebel_at_Tair	15.550	41.830	244	0	0	347.8	9.9	0	14.7	30	0	79.3	15.9	0	0	0	0.8	0	0.6	0.7	0	0.2	0	1.2
Santa_Maria	14.756	-91.552	3772	100.3	92.2	94.4	56.1	58.1	51.1	114.6	152.8	59.1	84.1	78.3	58.3	94.2	49.5	28.2	33.9	48.5	159.7	132.4	100.1	107.8
Mariveles	14.520	120.470	1388	23.7	36.5	13	20.9	19.2	30.2	21.9	24.1	11.1	32.3	34.8	40.6	40.5	37.9	27.5	13.9	31.2	3.1	50.4	39.7	12.6
Fuego	14.473	-90.880	3763	103.3	97.1	96.4	61.4	67.6	60.1	66.2	86.8	98.2	104.3	112.4	166.6	177.3	176.1	114.9	125.4	175	159.5	113.5	104.1	118.3
Taai	14.002	120.993	250	53.6	0	23.8	44.7	15.8	18.5	0	11.1	10.6	39.1	51.4	29.4	47.7	34.5	22.9	47.3	926.6	878.9	948.3	1155.3	265.4
Santa_Ana	13.853	-89.630	2381	208.6	47.2	8.3	4.8	0	0	0	14.2	13.9	0	19.2	35.4	17.5	32.3	32.5	28.6	36.9	47.9	22.3	20.8	29.4
Erta_Ale	13.600	40.670	613	6.9	15	27.2	19.4	11.6	18.2	18.8	19.8	10	16.3	15.6	20.3	502.1	176.4	61.1	10.4	16.2	20.4	20.2	27.1	162.5
Usulutan	13.418	-88.469	1449	11.8	0	0	0	0	0	12.2	0.5	13	107.2	78	85.4	26.9	9.3	12.6	19.2	24.7	31.3	18.4	10.1	8.7
Mayon	13.257	123.685	2462	52.8	364.2	214.5	135	291.5	252	148.1	71	73.2	109.4	40.3	59	113.5	418.3	224.1	95.4	110.1	127	277.3	132.6	95.4
Bulusan	12.768	124.053	1500	14.6	292	158.8	70.5	123.5	70.1	29.7	18.8	13.3	37	27.1	68.7	33.1	75	58.4	28.2	19.4	107.2	46.8	29.4	38.3
San_Cristobal	12.702	-87.004	1745	80.6	240.5	206.4	112.9	331	206.6	337.8	293.7	106.5	149.5	221.9	134.2	110.2	110.2	133.5	111.6	135.9	156.2	166.8	111.3	86.6
Momotombo	12.424	-86.540	1270	58.2	82.6	105.3	110.9	112.8	78.9	82.6	114.5	85.6	66	90.9	133.3	149.5	105.7	95.2	79	104.2	102.5	105.2	64.5	46.7
Barren_Island	12.278	93.858	230	241.5	318	26.2	42.9	150	18.5	24.8	0.8	2.4	2.4	33	3.6	0	13.6	8.7	0.5	4.8	0.1	11	9.6	51.9
Masaya	11.984	-86.161	635	242.5	332.2	337.8	466.5	315.7	137.4	73.7	157.8	176	186.2	201	438.2	392.7	283.6	235.9	263	315.1	294.1	340.6	110.1	113.3
Arenal	10.463	-84.703	1670	101.5	69	63.6	94	170.2	687.9	248.4	108.6	152.3	136.9	121.7	102.7	389.8	118.8	105.2	68.7	61.7	39.7	81.5	143.2	311.3
Kanlaon	10.412	123.132	2435	268.5	0	0	0	9.9	0	0	0	1.2	11.2	4.9	148.6	33.9	230.1	18	64	161.8	37.3	103.8	462.4	469.1
Turrialba	10.025	-83.767	3340	11.3	17.1	90	116.6	155.1	741.3	697.1	359.1	223.3	139.1	288.2	352.2	463.8	375	104.8	63.1	70.6	53.2	54.1	35	41.8
Nevado_del_Ruiz	4.895	-75.322	5321	90.6	44.1	18.2	0	17.5	12.8	52.7	720.8	797.8	735.9	916.7	574.9	437.2	315.5	277.6	422.5	418.7	399.5	417.7	368.4	263.3
Sinabung	3.170	98.392	2460	8	0	8.2	7.1	0	55	85	60.2	144.8	840.6	119.2	85.3	67	116.8	70.5	106.4	71.4	63.8	40.1	24.3	35.1
Nevado_del_Huila	2.930	-76.030	5364	26.3	0	197.7	625.1	579.7	679.5	151	46.1	97.8	51.9	60.3	26.7	28.6	26.8	28.7	29.4	19.2	19.4	18.2	22.3	26.1
Karangetang	2.780	125.400	1780	144	126.7	98.5	93.7	118.7	45.9	122.1	95.9	73.6	83.2	130.3	129.5	133.2	142.4	265.1	104	90.2	189.6	294.2	87.7	101.2
Dukono	1.680	127.880	1170	407.5	414.4	395	654	528.9	771.3	842.2	364.8	624.6	629.1	642.4	1003.7	886.3	726.2	724.2	874.3	1017.5	832	933.6	751.1	641.8
Lokon-Empung	1.358	124.792	1580	0	4.6	54.7	153.2	73.3	38.3	104.5	144.8	83.3	13	59.7	52.2	3.3	8.2	0.6	0	0.4	10.7	16.4	0	9.1
Galeras	1.201	-77.391	4276	111.6	70	61.9	525.4	143.4	53.3	24	97.6	32.3	4.2	37.5	14.9	16.2	1.5	1.1	0.6	0.1	0.6	0	0.3	0.2
Reventador	-0.077	-77.656	3562	317	36.7	50.2	125.7	213.1	154	4.9	78.8	123.6	110.8	54.7	60	77.3	74	59	9.6	67.1	155.2	44.3	12.4	66.3
Padang	-0.390	100.460	2686	26.2	42	17.6	0	2.3	0	31.4	16.4	0	0.6	3	0.6	14.3	0.2	6.2	7.9	0.5	1	28.3	366.9	114.7
Sierra_+A102Negra	-0.830	-91.170	1124	6.7	5.9	17	17.6	14.4	8.8	18.2	2.8	19.6	14.3	2.7	21.8	19.5	128.5	23.7	14.1	5.7	34.9	18	46.7	11
Nyamuragira	-1.408	29.200	2950	1468.6	966	979	604.8	604.6	496.4	572.6	2921.2	2333.6	2231.9	2361.4	550.9	367.1	287.1	287.5	459.5	132.2	152.2	101.8	655.1	3037.6
Tungurahua	-1.467	-78.442	5023	224.3	309.3	225.6	135.4	19.5	121.2	7.2	74.5	11.4	77.7	204.1	3	12.5	0	2.7	40.6	62.5	93.4	75.9	0.2	1.6
Kerinci	-1.697	101.264	3760	152.3	90.5	134.6	133	159.9	16.8	126.3	92.8	91.6	74.7	107.2	144.9	120.2	125.7	76.5	100.1	93.9	158.5	33	8.4	22.9
Sangay	-2.000	-78.341	5286	64.2	81	58.5	52.8	0	0.8	0	26.8	0	7.2	55.7	12.6	31.9	2.7	77.6	229.3	436	377.6	199.9	77.4	44.7
Kadovar	-3.608	144.588	370	838.6	334.2	533.6	356.2	250	364.4	356.2	267.2	196.2	165.2	345.5	309	392.9	301.3	644.5	467.7	334.1	359.2	140.9	213.3	200.2
Manam	-4.080	145.037	1730	1285.9	534.8	752.1	495.1	364.4	551.3	532.9	482.8	438.7	287.3	577.5	488.2	472.5	301	1166.4	550.4	428	472.6	289.6	316.5	320.6
Tavurvur	-4.240	152.210	200	211.9	347.9	1229.3	1937.5	1381.3	30.6	105.1	0	146	0	0	0	0	0	7.5	11.7	0	0	3.8	0	0
Ulawun	-5.050	151.330	2300	149.6	259.8	86.1	65.3	155.9	702	369	143.1	267.3	151	167.2	244.4	306.9	164.3	74.4	24	171	248.5	154.3	112.9	63.6
Langila	-5.525	148.420	991	565.7	325.8	383.1	58.2	156.6	217.5	186.9	360	281.8	131.6	92.3	342.4	676.7	177.8	80.4	208.3	223.8	180.4	188.8	247.7	264.4
Krakatau	-6.106	105.424	813	47.7	43.7	58.9	111.3	124.6	93.1	209.2	234	104.2	57.7	71.9	73.8	94.8	197.1	101.4	136.1	366.2	451.4	284.1	108.7	56.4
Bagana	-6.140	155.195	1750	1594.5	1025.7	969.8	939.8	928.1	938.6	795.9	1265.1	948	746.7	893.9	688	743.2	488.3	204.7	176.9	677.4	498.2	249.4	521.8	712.7
Slamet	-7.242	109.208	3329	20.4	109.2	111.8	29.1	55.8	160.3	69.1	21	30.5	79.1	101.5	6.4	28.5	51.2	42.7	53.4	13.3	32.8	39.7	29	47.8
Merapi	-7.556	110.440	2968	0.6	68	4.1	0	0	67.1	2.4	10.9	5.6	0.5	0	9.9	12.8	0.8	2.7	7.1	35.6	8.7	13.6	21.5	18.9
Arjuno-Welirang	-7.733	112.575	3339	78.5	118.2	124.8	187.3	121.4	167.2	155.8	51	35	121.5	196.4	225.4	78.1	95.4	62.4	93.8	117.3	139.3	137.7	97.1	146
Tengger_Caldera	-7.942	112.950	2258	220.7	260.1	329.6	423.5	293.1	436.8	390.4	108.8	104.8	269.9	357	688.6	226.7	233.1	115.2	183	344.5	451.6	391.1	306.8	370.1
Ijen	-8.058	114.242	2799	459.8	276.9	295.6	264	136.5	193.4	146	136.1	180	148.4	314.5	153.1	117.2	76.4	62.5	94.3	245.6	264.8	140.1	93.1	207.7
Sangeang_Api	-8.209	119.066	1949	0.5	0	0	0	0	0	1.8	0	5.9	137.1	60.7	1.7	30	20.5	20.4	8.1	0	0	0.3	4.4	3.7
Lewotolo	-8.272	123.505	1339	244.1	214.2	279.1	294.2	216	203	194.5	361.8	159.1	173.6	153.9	209.2	125	62.2	55.9	67.9	104.6	100.6	120	256.4	203
Paluweh	-8.320	121.708	875	13.4	0	0	0	9.6	31.7	0	14.8	45.5	20.6	8.9	12.3	12.7	5.6	5.5	2.9	10.3	9.8	24.5	23.5	66.8
Agung	-8.343	115.508	2800	0	0	0	0	4.1	15.7	0	0	0	0	59.2	0	29.5	91.1	5.8	4.1	8.1	0.5	0	0	0
Rinjani	-8.420	116.470	3726	0	0	0	0	99.5	24	0	0	0	0	103.6	3.1	0	13.4	0	4.2	0.3	0	0.5	0	0
Sirung	-8.509	124.127	862	115	99	183.6	143.1	98.1	120	90.9	274.8	43.9	107.8	143.1	106.3	138.7	157.6	197.7	126.9	117.5	124.5	88.6	217.9	181.1
Ebulobo	-8.820	121.180	2124	1.4	15.4	0	21.2	38.3	69.1	13.9	12.4	19.1	8.9	20.1	19.9	13.6	21.8	18	12.7	3.6	11.9	11.1	28.4	0
Tinakula	-10.380	165.800	851	0	332.6	114.4	49.9	76.6	194.3	111	56.3	4.4	12.1	1	0	33.7	47.2	58.1	64.9	52.2	61.5	214.2	118.1	33.7
Gaua	-14.270	167.500	797	57.5	26.2	31.5	51.3	139.8	419.2	260.6	401.1	201.5	73.9	27.2	134	41.3	53.6	64.4	160.9	170.2	178.4	150.2	148.2	171.9
Aoba	-15.400	167.830	1395	593.1	1061	574.7	480.5	941.4	1564.4	1649.8	1773.5	1566.6	1136.7	1188.6	1234.1	1744.3	1246.7	33.4	54.6	152.9	328	525.1	593.9	692.3
Sabancaya	-15.795	-71.860	5967	0	0	0	2.2	0	4.8	3.5	11.7	31.8	90.8	175.6	155.8	338.2	307.3	264	208.9	177.3	211.9	161.4	105.1	10.1
Ambrym	-16.250	168.120	1334	1728.7	945.4	2154.5	2119.4	2572.9	2994.8	3949.4	2900.7	2606.8	2079.6	2471.2	2694.9	2825.4	2544.8	62.9	0	3.4	12.8	18.6	37.4	31.5
Ubinas	-16.340	-70.900	5400	0	244.9	126.7	53.7	38.4	9.3	9	2.3	7.8	208.2	133.1	64.6	12.6	11.9	44.7	26.6	7.9	3	44.7	55.1	0.7
Isluga	-19.150	-68.830	5550	16.7	0	0	2	5	0	0	38.5	78.6	65	42	49.5	7.2	11	0.4	0.3	0.3	0.3	10.9	55.4	35
Yasur	-19.530	169.442	280	241.7	309.9	278.8	513.9	324.1	632.3	552.7	553.3	722.3	581	707.5	1044.6	794.8	621.8	767.9	1276.3	1249.5	976	1013.6	592.1	816.1
Tofua	-19.750	-175.070	515	65.9	75.8	124.7	144.6	102.4	125.6	109.1	84.7	68	57.8	61.9	49.3	80.5	26.3	32.5	45	202.7	91.2	72.8	132.6	96.5
Reunuin	-21.231	55.713	2460	60.4	143.2	33.5	30.1	7.7	37.6	11.3	4.9	4.4	1.1	203.5	24	77.4	120.6	100.7	49.4	40.1	54.9	37.5	0.9	0.3
Lascar	-23.368	-67.680	5900	17.5	65.8	15.7	28.5	38.8	8.3	39.5	9.9	50.9	24.7	9.7	29.9	0	16.7	34.6	8.9	8.5	50.6	5.8	3.7	52.9
Lastarria	-25.170	-68.500	5697	90	81.4	65.3	72.5	86.5	52	53.2	79.3	67.4	68.3	81.2	46.2	34.6	52.5	57.6	59.7	59.6	70.1	54.9	50.1	44.4
Peteroa	-35.271	-70.574	4084	0	0	0	0	0	41.2	29.7	0.7	1	0	1.5	0	0	55.6	73	7.1	2.2	0	0	0.1	9.5
White_Island	-37.520	177.181	321	35.7	81.3	54.6	24.9	58.6	61.9	68.2	103.4	96	70.5	71.9	134.7	50.3	105.1	189.9	136.5	90.1	93	48.4	98.3	148.8
Copahue	-37.856	-71.160	2800	21.5	18.5	37.7	28.9	31.6	9.2	72.5	241	451.2	251.1	231.9	351.5	164.7	175.7	95.4	93.5	76.5	27.5	19.1	28.9	9.8
Villarrica	-39.420	-71.930	2847	113.3	105	95	50.1	32.5	155.8	131.2	59.2	0	17.2	100.3	105.9	84.4	63.8	42	30.2	49.7	71.4	135.9	85.8	4.4
Michael	-57.800	-26.488	990	166.7	134.1	114	86.5	73.5	49.6	74.1	7.6	81.3	64.6	60.8	12.5	79.9	72.5	60.7	61.3	42.2	53.8	33.2	43.3	64.5
Montagu	-58.420	-26.330	1370	199.5	161.1	34.3	21.5	10.1	16.5	0	0	22.6	15.7	27.9	2.3	11.7	22.4	2	14.3	11.1	12.6	7.8	12.2	3.4
Erebus	-77.528	167.167	3794	16.4	14.7	15.2	20.3	17.2	8.8	2.2	8.3	4.2	3.8	2.7	12.1	8	18.4	25.5	23.4	23.2	22.2	24.8	21.7	27.5